42815000
42814014
42813049
42812105
42811182
42810280
42809399
42808539
42807700
42806882
42806085
42805309
42804554
42803820
42803107
42802415
42801744
42801094
42800465
42799857
42799270
42798704
42798159
42797635
42797132
42796650
42796189
42795749
42795330
42794932
42794555
42794199
42793864
42793550
42793257
42792985
42792734
42792504
42792295
42792107
42791940
42791794
42791669
42791565
42791482
42791420
42791379
42791359
42791360
42791382
42791425
42791489
42791574
42791680
42791807
42791955
42792124
42792314
42792525
42792757
42793010
42793284
42793579
42793895
42794232
42794590
42794969
42795369
42795790
42796232
42796695
42797179
42795684
42794210
42792757
42791325
42789914
42788524
42787155
42785807
42784480
42783174
42781889
42780625
42779382
42778160
42776959
42775779
42774620
42773482
42772365
42771269
42770194
42769140
42768107
42767095
42766104
42765134
42764185
42763257
42762350
42761464
42760599
42759755
42758932
42758130
42757349
42756589
42755850
42755132
42754435
42753759
42753104
42752470
42751857
42751265
42750694
42750144
42749615
42749107
42748620
42748154
42747709
42747285
42746882
42746500
42746139
42745799
42745480
42745182
42744905
42744649
42744414
42744200
42744007
42743835
42743684
42743554
42743445
42743357
42743290
42743244
42743219
42743215
42742232
42741270
42740329
42739409
42738510
42737632
42736775
42735939
42735124
42734330
42733557
42732805
42732074
42731364
42730675
42730007
42729360
42728734
42728129
42727545
42726982
42726440
42725919
42725419
42724940
42724482
42724045
42723629
42723234
42722860
42722507
42722175
42721864
42721574
42721305
42721057
42720830
42720624
42720439
42720275
42720132
42720010
42719909
42719829
42719770
42719732
42719715
42719719
42719744
42719790
42719857
42719945
42720054
42720184
42720335
42720507
42720700
42720914
42721149
42721405
42721682
42721980
42722299
42722639
42723000
42723382
42723785
42724209
42724654
42725120
42725607
42724115
42722644
42721194
42719765
42718357
42716970
42715604
42714259
42712935
42711632
42710350
42709089
42707849
42706630
42705432
42704255
42703099
42701964
42700850
42699757
42698685
42697634
42696604
42695595
42694607
42693640
42692694
42691769
42690865
42689982
42689120
42688279
42687459
42686660
42685882
42685125
42684389
42683674
42682980
42682307
42681655
42681024
42680414
42679825
42679257
42678710
42678184
42677679
42677195
42676732
42676290
42675869
42675469
42675090
42674732
42674395
42674079
42673784
42673510
42673257
42673025
42672814
42672624
42672455
42672307
42672180
42672074
42671989
42671925
42671882
42671860
42671859
42670879
42669920
42668982
42668065
42667169
42666294
42665440
42664607
42663795
42663004
42662234
42661485
42660757
42660050
42659364
42658699
42658055
42657432
42656830
42656249
42655689
42655150
42654632
42654135
42653659
42653204
42652770
42652357
42651965
42651594
42651244
42650915
42650607
42650320
42650054
42649809
42649585
42649382
42649200
42649039
42648899
42648780
42648682
42648605
42648549
42648514
42648500
42648507
42648535
42648584
42648654
42648745
42648857
42648990
42649144
42649319
42649515
42649732
42649970
42650229
42650509
42650810
42651132
42651475
42651839
42652224
42652630
42653057
42653505
42653974
42654464
42652975
42651507
42650060
42648634
42647229
42645845
42644482
42643140
42641819
42640519
42639240
42637982
42636745
42635529
42634334
42633160
42632007
42630875
42629764
42628674
42627605
42626557
42625530
42624524
42623539
42622575
42621632
42620710
42619809
42618929
42618070
42617232
42616415
42615619
42614844
42614090
42613357
42612645
42611954
42611284
42610635
42610007
42609400
42608814
42608249
42607705
42607182
42606680
42606199
42605739
42605300
42604882
42604485
42604109
42603754
42603420
42603107
42602815
42602544
42602294
42602065
42601857
42601670
42601504
42601359
42601235
42601132
42601050
42600989
42600949
42600930
42600932
42599955
42598999
42598064
42597150
42596257
42595385
42594534
42593704
42592895
42592107
42591340
42590594
42589869
42589165
42588482
42587820
42587179
42586559
42585960
42585382
42584825
42584289
42583774
42583280
42582807
42582355
42581924
42581514
42581125
42580757
42580410
42580084
42579779
42579495
42579232
42578990
42578769
42578569
42578390
42578232
42578095
42577979
42577884
42577810
42577757
42577725
42577714
42577724
42577755
42577807
42577880
42577974
42578089
42578225
42578382
42578560
42578759
42578979
42579220
42579482
42579765
42580069
42580394
42580740
42581107
42581495
42581904
42582334
42582785
42583257
42583750
42582264
42580799
42579355
42577932
42576530
42575149
42573789
42572450
42571132
42569835
42568559
42567304
42566070
42564857
42563665
42562494
42561344
42560215
42559107
42558020
42556954
42555909
42554885
42553882
42552900
42551939
42550999
42550080
42549182
42548305
42547449
42546614
42545800
42545007
42544235
42543484
42542754
42542045
42541357
42540690
42540044
42539419
42538815
42538232
42537670
42537129
42536609
42536110
42535632
42535175
42534739
42534324
42533930
42533557
42533205
42532874
42532564
42532275
42532007
42531760
42531534
42531329
42531145
42530982
42530840
42530719
42530619
42530540
42530482
42530445
42530429
42529434
42528460
42527507
42526575
42525664
42524774
42523905
42523057
42522230
42521424
42520639
42519875
42519132
42518410
42517709
42517029
42516370
42515732
42515115
42514519
42513944
42513390
42512857
42512345
42511854
42511384
42510935
42510507
42510100
42509714
42509349
42509005
42508682
42508380
42508099
42507839
42507600
42507382
42507185
42507009
42506854
42506720
42506607
42506515
42506444
42506394
42506365
42506357
42506370
42506404
42506459
42506535
42506632
42506750
42506889
42507049
42507230
42507432
42507655
42507899
42508164
42508450
42508757
42509085
42509434
42509804
42510195
42510607
42511040
42511494
42511969
42511465
42509982
42508520
42507079
42505659
42504260
42502882
42501525
42500189
42498874
42497580
42496307
42495055
42493824
42492614
42491425
42490257
42489110
42487984
42486879
42485795
42484732
42483690
42482669
42481669
42480690
42479732
42478795
42477879
42476984
42476110
42475257
42474425
42473614
42472824
42472055
42471307
42470580
42469874
42469189
42468525
42467882
42467260
42466659
42466079
42465520
42464982
42464465
42463969
42463494
42463040
42462607
42462195
42461804
42461434
42461085
42460757
42460450
42460164
42459899
42459655
42459432
42459230
42459049
42458889
42458750
42458632
42458535
42458459
42458404
42458370
42458357
42457365
42456394
42455444
42454515
42453607
42452720
42451854
42451009
42450185
42449382
42448600
42447839
42447099
42446380
42445682
42445005
42444349
42443714
42443100
42442507
42441935
42441384
42440854
42440345
42439857
42439390
42438944
42438519
42438115
42437732
42437370
42437029
42436709
42436410
42436132
42435875
42435639
42435424
42435230
42435057
42434905
42434774
42434664
42434575
42434507
42434460
42434434
42434429
42434445
42434482
42434540
42434619
42434719
42434840
42434982
42435145
42435329
42435534
42435760
42436007
42436275
42436564
42436874
42437205
42437557
42437930
42438324
42438739
42439175
42439632
42440110
42439609
42438129
42436670
42435232
42433815
42432419
42431044
42429690
42428357
42427045
42425754
42424484
42423235
42422007
42420800
42419614
42418449
42417305
42416182
42415080
42413999
42412939
42411900
42410882
42409885
42408909
42407954
42407020
42406107
42405215
42404344
42403494
42402665
42401857
42401070
42400304
42399559
42398835
42398132
42397450
42396789
42396149
42395530
42394932
42394355
42393799
42393264
42392750
42392257
42391785
42391334
42390904
42390495
42390107
42389740
42389394
42389069
42388765
42388482
42388220
42387979
42387759
42387560
42387382
42387225
42387089
42386974
42386880
42386807
42386755
42386724
42386714
42385725
42384757
42383810
42382884
42381979
42381095
42380232
42379390
42378569
42377769
42376990
42376232
42375495
42374779
42374084
42373410
42372757
42372125
42371514
42370924
42370355
42369807
42369280
42368774
42368289
42367825
42367382
42366960
42366559
42366179
42365820
42365482
42365165
42364869
42364594
42364340
42364107
42363895
42363704
42363534
42363385
42363257
42363150
42363064
42362999
42362955
42362932
42362930
42362949
42362989
42363050
42363132
42363235
42363359
42363504
42363670
42363857
42364065
42364294
42364544
42364815
42365107
42365420
42365754
42366109
42366485
42366882
42367300
42367739
42368199
42368680
42368182
42366705
42365249
42363814
42362400
42361007
42359635
42358284
42356954
42355645
42354357
42353090
42351844
42350619
42349415
42348232
42347070
42345929
42344809
42343710
42342632
42341575
42340539
42339524
42338530
42337557
42336605
42335674
42334764
42333875
42333007
42332160
42331334
42330529
42329745
42328982
42328240
42327519
42326819
42326140
42325482
42324845
42324229
42323634
42323060
42322507
42321975
42321464
42320974
42320505
42320057
42319630
42319224
42318839
42318475
42318132
42317810
42317509
42317229
42316970
42316732
42316515
42316319
42316144
42315990
42315857
42315745
42315654
42315584
42315535
42315507
42315500
42314514
42313549
42312605
42311682
42310780
42309899
42309039
42308200
42307382
42306585
42305809
42305054
42304320
42303607
42302915
42302244
42301594
42300965
42300357
42299770
42299204
42298659
42298135
42297632
42297150
42296689
42296249
42295830
42295432
42295055
42294699
42294364
42294050
42293757
42293485
42293234
42293004
42292795
42292607
42292440
42292294
42292169
42292065
42291982
42291920
42291879
42291859
42291860
42291882
42291925
42291989
42292074
42292180
42292307
42292455
42292624
42292814
42293025
42293257
42293510
42293784
42294079
42294395
42294732
42295090
42295469
42295869
42296290
42296732
42297195
42297679
42296184
42294710
42293257
42291825
42290414
42289024
42287655
42286307
42284980
42283674
42282389
42281125
42279882
42278660
42277459
42276279
42275120
42273982
42272865
42271769
42270694
42269640
42268607
42267595
42266604
42265634
42264685
42263757
42262850
42261964
42261099
42260255
42259432
42258630
42257849
42257089
42256350
42255632
42254935
42254259
42253604
42252970
42252357
42251765
42251194
42250644
42250115
42249607
42249120
42248654
42248209
42247785
42247382
42247000
42246639
42246299
42245980
42245682
42245405
42245149
42244914
42244700
42244507
42244335
42244184
42244054
42243945
42243857
42243790
42243744
42243719
42243715
42242732
42241770
42240829
42239909
42239010
42238132
42237275
42236439
42235624
42234830
42234057
42233305
42232574
42231864
42231175
42230507
42229860
42229234
42228629
42228045
42227482
42226940
42226419
42225919
42225440
42224982
42224545
42224129
42223734
42223360
42223007
42222675
42222364
42222074
42221805
42221557
42221330
42221124
42220939
42220775
42220632
42220510
42220409
42220329
42220270
42220232
42220215
42220219
42220244
42220290
42220357
42220445
42220554
42220684
42220835
42221007
42221200
42221414
42221649
42221905
42222182
42222480
42222799
42223139
42223500
42223882
42224285
42224709
42225154
42225620
42226107
42224615
42223144
42221694
42220265
42218857
42217470
42216104
42214759
42213435
42212132
42210850
42209589
42208349
42207130
42205932
42204755
42203599
42202464
42201350
42200257
42199185
42198134
42197104
42196095
42195107
42194140
42193194
42192269
42191365
42190482
42189620
42188779
42187959
42187160
42186382
42185625
42184889
42184174
42183480
42182807
42182155
42181524
42180914
42180325
42179757
42179210
42178684
42178179
42177695
42177232
42176790
42176369
42175969
42175590
42175232
42174895
42174579
42174284
42174010
42173757
42173525
42173314
42173124
42172955
42172807
42172680
42172574
42172489
42172425
42172382
42172360
42172359
42171379
42170420
42169482
42168565
42167669
42166794
42165940
42165107
42164295
42163504
42162734
42161985
42161257
42160550
42159864
42159199
42158555
42157932
42157330
42156749
42156189
42155650
42155132
42154635
42154159
42153704
42153270
42152857
42152465
42152094
42151744
42151415
42151107
42150820
42150554
42150309
42150085
42149882
42149700
42149539
42149399
42149280
42149182
42149105
42149049
42149014
42149000
42149007
42149035
42149084
42149154
42149245
42149357
42149490
42149644
42149819
42150015
42150232
42150470
42150729
42151009
42151310
42151632
42151975
42152339
42152724
42153130
42153557
42154005
42154474
42154964
42153475
42152007
42150560
42149134
42147729
42146345
42144982
42143640
42142319
42141019
42139740
42138482
42137245
42136029
42134834
42133660
42132507
42131375
42130264
42129174
42128105
42127057
42126030
42125024
42124039
42123075
42122132
42121210
42120309
42119429
42118570
42117732
42116915
42116119
42115344
42114590
42113857
42113145
42112454
42111784
42111135
42110507
42109900
42109314
42108749
42108205
42107682
42107180
42106699
42106239
42105800
42105382
42104985
42104609
42104254
42103920
42103607
42103315
42103044
42102794
42102565
42102357
42102170
42102004
42101859
42101735
42101632
42101550
42101489
42101449
42101430
42101432
42100455
42099499
42098564
42097650
42096757
42095885
42095034
42094204
42093395
42092607
42091840
42091094
42090369
42089665
42088982
42088320
42087679
42087059
42086460
42085882
42085325
42084789
42084274
42083780
42083307
42082855
42082424
42082014
42081625
42081257
42080910
42080584
42080279
42079995
42079732
42079490
42079269
42079069
42078890
42078732
42078595
42078479
42078384
42078310
42078257
42078225
42078214
42078224
42078255
42078307
42078380
42078474
42078589
42078725
42078882
42079060
42079259
42079479
42079720
42079982
42080265
42080569
42080894
42081240
42081607
42081995
42082404
42082834
42083285
42083757
42084250
42082764
42081299
42079855
42078432
42077030
42075649
42074289
42072950
42071632
42070335
42069059
42067804
42066570
42065357
42064165
42062994
42061844
42060715
42059607
42058520
42057454
42056409
42055385
42054382
42053400
42052439
42051499
42050580
42049682
42048805
42047949
42047114
42046300
42045507
42044735
42043984
42043254
42042545
42041857
42041190
42040544
42039919
42039315
42038732
42038170
42037629
42037109
42036610
42036132
42035675
42035239
42034824
42034430
42034057
42033705
42033374
42033064
42032775
42032507
42032260
42032034
42031829
42031645
42031482
42031340
42031219
42031119
42031040
42030982
42030945
42030929
42029934
42028960
42028007
42027075
42026164
42025274
42024405
42023557
42022730
42021924
42021139
42020375
42019632
42018910
42018209
42017529
42016870
42016232
42015615
42015019
42014444
42013890
42013357
42012845
42012354
42011884
42011435
42011007
42010600
42010214
42009849
42009505
42009182
42008880
42008599
42008339
42008100
42007882
42007685
42007509
42007354
42007220
42007107
42007015
42006944
42006894
42006865
42006857
42006870
42006904
42006959
42007035
42007132
42007250
42007389
42007549
42007730
42007932
42008155
42008399
42008664
42008950
42009257
42009585
42009934
42010304
42010695
42011107
42011540
42011994
42012469
42011965
42010482
42009020
42007579
42006159
42004760
42003382
42002025
42000689
41999374
41998080
41996807
41995555
41994324
41993114
41991925
41990757
41989610
41988484
41987379
41986295
41985232
41984190
41983169
41982169
41981190
41980232
41979295
41978379
41977484
41976610
41975757
41974925
41974114
41973324
41972555
41971807
41971080
41970374
41969689
41969025
41968382
41967760
41967159
41966579
41966020
41965482
41964965
41964469
41963994
41963540
41963107
41962695
41962304
41961934
41961585
41961257
41960950
41960664
41960399
41960155
41959932
41959730
41959549
41959389
41959250
41959132
41959035
41958959
41958904
41958870
41958857
41957865
41956894
41955944
41955015
41954107
41953220
41952354
41951509
41950685
41949882
41949100
41948339
41947599
41946880
41946182
41945505
41944849
41944214
41943600
41943007
41942435
41941884
41941354
41940845
41940357
41939890
41939444
41939019
41938615
41938232
41937870
41937529
41937209
41936910
41936632
41936375
41936139
41935924
41935730
41935557
41935405
41935274
41935164
41935075
41935007
41934960
41934934
41934929
41934945
41934982
41935040
41935119
41935219
41935340
41935482
41935645
41935829
41936034
41936260
41936507
41936775
41937064
41937374
41937705
41938057
41938430
41938824
41939239
41939675
41940132
41940610
41940109
41938629
41937170
41935732
41934315
41932919
41931544
41930190
41928857
41927545
41926254
41924984
41923735
41922507
41921300
41920114
41918949
41917805
41916682
41915580
41914499
41913439
41912400
41911382
41910385
41909409
41908454
41907520
41906607
41905715
41904844
41903994
41903165
41902357
41901570
41900804
41900059
41899335
41898632
41897950
41897289
41896649
41896030
41895432
41894855
41894299
41893764
41893250
41892757
41892285
41891834
41891404
41890995
41890607
41890240
41889894
41889569
41889265
41888982
41888720
41888479
41888259
41888060
41887882
41887725
41887589
41887474
41887380
41887307
41887255
41887224
41887214
41886225
41885257
41884310
41883384
41882479
41881595
41880732
41879890
41879069
41878269
41877490
41876732
41875995
41875279
41874584
41873910
41873257
41872625
41872014
41871424
41870855
41870307
41869780
41869274
41868789
41868325
41867882
41867460
41867059
41866679
41866320
41865982
41865665
41865369
41865094
41864840
41864607
41864395
41864204
41864034
41863885
41863757
41863650
41863564
41863499
41863455
41863432
41863430
41863449
41863489
41863550
41863632
41863735
41863859
41864004
41864170
41864357
41864565
41864794
41865044
41865315
41865607
41865920
41866254
41866609
41866985
41867382
41867800
41868239
41868699
41869180
41868682
41867205
41865749
41864314
41862900
41861507
41860135
41858784
41857454
41856145
41854857
41853590
41852344
41851119
41849915
41848732
41847570
41846429
41845309
41844210
41843132
41842075
41841039
41840024
41839030
41838057
41837105
41836174
41835264
41834375
41833507
41832660
41831834
41831029
41830245
41829482
41828740
41828019
41827319
41826640
41825982
41825345
41824729
41824134
41823560
41823007
41822475
41821964
41821474
41821005
41820557
41820130
41819724
41819339
41818975
41818632
41818310
41818009
41817729
41817470
41817232
41817015
41816819
41816644
41816490
41816357
41816245
41816154
41816084
41816035
41816007
41816000
41815014
41814049
41813105
41812182
41811280
41810399
41809539
41808700
41807882
41807085
41806309
41805554
41804820
41804107
41803415
41802744
41802094
41801465
41800857
41800270
41799704
41799159
41798635
41798132
41797650
41797189
41796749
41796330
41795932
41795555
41795199
41794864
41794550
41794257
41793985
41793734
41793504
41793295
41793107
41792940
41792794
41792669
41792565
41792482
41792420
41792379
41792359
41792360
41792382
41792425
41792489
41792574
41792680
41792807
41792955
41793124
41793314
41793525
41793757
41794010
41794284
41794579
41794895
41795232
41795590
41795969
41796369
41796790
41797232
41797695
41798179
41796684
41795210
41793757
41792325
41790914
41789524
41788155
41786807
41785480
41784174
41782889
41781625
41780382
41779160
41777959
41776779
41775620
41774482
41773365
41772269
41771194
41770140
41769107
41768095
41767104
41766134
41765185
41764257
41763350
41762464
41761599
41760755
41759932
41759130
41758349
41757589
41756850
41756132
41755435
41754759
41754104
41753470
41752857
41752265
41751694
41751144
41750615
41750107
41749620
41749154
41748709
41748285
41747882
41747500
41747139
41746799
41746480
41746182
41745905
41745649
41745414
41745200
41745007
41744835
41744684
41744554
41744445
41744357
41744290
41744244
41744219
41744215
41743232
41742270
41741329
41740409
41739510
41738632
41737775
41736939
41736124
41735330
41734557
41733805
41733074
41732364
41731675
41731007
41730360
41729734
41729129
41728545
41727982
41727440
41726919
41726419
41725940
41725482
41725045
41724629
41724234
41723860
41723507
41723175
41722864
41722574
41722305
41722057
41721830
41721624
41721439
41721275
41721132
41721010
41720909
41720829
41720770
41720732
41720715
41720719
41720744
41720790
41720857
41720945
41721054
41721184
41721335
41721507
41721700
41721914
41722149
41722405
41722682
41722980
41723299
41723639
41724000
41724382
41724785
41725209
41725654
41726120
41726607
41725115
41723644
41722194
41720765
41719357
41717970
41716604
41715259
41713935
41712632
41711350
41710089
41708849
41707630
41706432
41705255
41704099
41702964
41701850
41700757
41699685
41698634
41697604
41696595
41695607
41694640
41693694
41692769
41691865
41690982
41690120
41689279
41688459
41687660
41686882
41686125
41685389
41684674
41683980
41683307
41682655
41682024
41681414
41680825
41680257
41679710
41679184
41678679
41678195
41677732
41677290
41676869
41676469
41676090
41675732
41675395
41675079
41674784
41674510
41674257
41674025
41673814
41673624
41673455
41673307
41673180
41673074
41672989
41672925
41672882
41672860
41672859
41671879
41670920
41669982
41669065
41668169
41667294
41666440
41665607
41664795
41664004
41663234
41662485
41661757
41661050
41660364
41659699
41659055
41658432
41657830
41657249
41656689
41656150
41655632
41655135
41654659
41654204
41653770
41653357
41652965
41652594
41652244
41651915
41651607
41651320
41651054
41650809
41650585
41650382
41650200
41650039
41649899
41649780
41649682
41649605
41649549
41649514
41649500
41649507
41649535
41649584
41649654
41649745
41649857
41649990
41650144
41650319
41650515
41650732
41650970
41651229
41651509
41651810
41652132
41652475
41652839
41653224
41653630
41654057
41654505
41654974
41655464
41653975
41652507
41651060
41649634
41648229
41646845
41645482
41644140
41642819
41641519
41640240
41638982
41637745
41636529
41635334
41634160
41633007
41631875
41630764
41629674
41628605
41627557
41626530
41625524
41624539
41623575
41622632
41621710
41620809
41619929
41619070
41618232
41617415
41616619
41615844
41615090
41614357
41613645
41612954
41612284
41611635
41611007
41610400
41609814
41609249
41608705
41608182
41607680
41607199
41606739
41606300
41605882
41605485
41605109
41604754
41604420
41604107
41603815
41603544
41603294
41603065
41602857
41602670
41602504
41602359
41602235
41602132
41602050
41601989
41601949
41601930
41601932
41600955
41599999
41599064
41598150
41597257
41596385
41595534
41594704
41593895
41593107
41592340
41591594
41590869
41590165
41589482
41588820
41588179
41587559
41586960
41586382
41585825
41585289
41584774
41584280
41583807
41583355
41582924
41582514
41582125
41581757
41581410
41581084
41580779
41580495
41580232
41579990
41579769
41579569
41579390
41579232
41579095
41578979
41578884
41578810
41578757
41578725
41578714
41578724
41578755
41578807
41578880
41578974
41579089
41579225
41579382
41579560
41579759
41579979
41580220
41580482
41580765
41581069
41581394
41581740
41582107
41582495
41582904
41583334
41583785
41584257
41584750
41583264
41581799
41580355
41578932
41577530
41576149
41574789
41573450
41572132
41570835
41569559
41568304
41567070
41565857
41564665
41563494
41562344
41561215
41560107
41559020
41557954
41556909
41555885
41554882
41553900
41552939
41551999
41551080
41550182
41549305
41548449
41547614
41546800
41546007
41545235
41544484
41543754
41543045
41542357
41541690
41541044
41540419
41539815
41539232
41538670
41538129
41537609
41537110
41536632
41536175
41535739
41535324
41534930
41534557
41534205
41533874
41533564
41533275
41533007
41532760
41532534
41532329
41532145
41531982
41531840
41531719
41531619
41531540
41531482
41531445
41531429
41530434
41529460
41528507
41527575
41526664
41525774
41524905
41524057
41523230
41522424
41521639
41520875
41520132
41519410
41518709
41518029
41517370
41516732
41516115
41515519
41514944
41514390
41513857
41513345
41512854
41512384
41511935
41511507
41511100
41510714
41510349
41510005
41509682
41509380
41509099
41508839
41508600
41508382
41508185
41508009
41507854
41507720
41507607
41507515
41507444
41507394
41507365
41507357
41507370
41507404
41507459
41507535
41507632
41507750
41507889
41508049
41508230
41508432
41508655
41508899
41509164
41509450
41509757
41510085
41510434
41510804
41511195
41511607
41512040
41512494
41512969
41512465
41510982
41509520
41508079
41506659
41505260
41503882
41502525
41501189
41499874
41498580
41497307
41496055
41494824
41493614
41492425
41491257
41490110
41488984
41487879
41486795
41485732
41484690
41483669
41482669
41481690
41480732
41479795
41478879
41477984
41477110
41476257
41475425
41474614
41473824
41473055
41472307
41471580
41470874
41470189
41469525
41468882
41468260
41467659
41467079
41466520
41465982
41465465
41464969
41464494
41464040
41463607
41463195
41462804
41462434
41462085
41461757
41461450
41461164
41460899
41460655
41460432
41460230
41460049
41459889
41459750
41459632
41459535
41459459
41459404
41459370
41459357
41458365
41457394
41456444
41455515
41454607
41453720
41452854
41452009
41451185
41450382
41449600
41448839
41448099
41447380
41446682
41446005
41445349
41444714
41444100
41443507
41442935
41442384
41441854
41441345
41440857
41440390
41439944
41439519
41439115
41438732
41438370
41438029
41437709
41437410
41437132
41436875
41436639
41436424
41436230
41436057
41435905
41435774
41435664
41435575
41435507
41435460
41435434
41435429
41435445
41435482
41435540
41435619
41435719
41435840
41435982
41436145
41436329
41436534
41436760
41437007
41437275
41437564
41437874
41438205
41438557
41438930
41439324
41439739
41440175
41440632
41441110
41440609
41439129
41437670
41436232
41434815
41433419
41432044
41430690
41429357
41428045
41426754
41425484
41424235
41423007
41421800
41420614
41419449
41418305
41417182
41416080
41414999
41413939
41412900
41411882
41410885
41409909
41408954
41408020
41407107
41406215
41405344
41404494
41403665
41402857
41402070
41401304
41400559
41399835
41399132
41398450
41397789
41397149
41396530
41395932
41395355
41394799
41394264
41393750
41393257
41392785
41392334
41391904
41391495
41391107
41390740
41390394
41390069
41389765
41389482
41389220
41388979
41388759
41388560
41388382
41388225
41388089
41387974
41387880
41387807
41387755
41387724
41387714
41386725
41385757
41384810
41383884
41382979
41382095
41381232
41380390
41379569
41378769
41377990
41377232
41376495
41375779
41375084
41374410
41373757
41373125
41372514
41371924
41371355
41370807
41370280
41369774
41369289
41368825
41368382
41367960
41367559
41367179
41366820
41366482
41366165
41365869
41365594
41365340
41365107
41364895
41364704
41364534
41364385
41364257
41364150
41364064
41363999
41363955
41363932
41363930
41363949
41363989
41364050
41364132
41364235
41364359
41364504
41364670
41364857
41365065
41365294
41365544
41365815
41366107
41366420
41366754
41367109
41367485
41367882
41368300
41368739
41369199
41369680
41369182
41367705
41366249
41364814
41363400
41362007
41360635
41359284
41357954
41356645
41355357
41354090
41352844
41351619
41350415
41349232
41348070
41346929
41345809
41344710
41343632
41342575
41341539
41340524
41339530
41338557
41337605
41336674
41335764
41334875
41334007
41333160
41332334
41331529
41330745
41329982
41329240
41328519
41327819
41327140
41326482
41325845
41325229
41324634
41324060
41323507
41322975
41322464
41321974
41321505
41321057
41320630
41320224
41319839
41319475
41319132
41318810
41318509
41318229
41317970
41317732
41317515
41317319
41317144
41316990
41316857
41316745
41316654
41316584
41316535
41316507
41316500
41315514
41314549
41313605
41312682
41311780
41310899
41310039
41309200
41308382
41307585
41306809
41306054
41305320
41304607
41303915
41303244
41302594
41301965
41301357
41300770
41300204
41299659
41299135
41298632
41298150
41297689
41297249
41296830
41296432
41296055
41295699
41295364
41295050
41294757
41294485
41294234
41294004
41293795
41293607
41293440
41293294
41293169
41293065
41292982
41292920
41292879
41292859
41292860
41292882
41292925
41292989
41293074
41293180
41293307
41293455
41293624
41293814
41294025
41294257
41294510
41294784
41295079
41295395
41295732
41296090
41296469
41296869
41297290
41297732
41298195
41298679
41297184
41295710
41294257
41292825
41291414
41290024
41288655
41287307
41285980
41284674
41283389
41282125
41280882
41279660
41278459
41277279
41276120
41274982
41273865
41272769
41271694
41270640
41269607
41268595
41267604
41266634
41265685
41264757
41263850
41262964
41262099
41261255
41260432
41259630
41258849
41258089
41257350
41256632
41255935
41255259
41254604
41253970
41253357
41252765
41252194
41251644
41251115
41250607
41250120
41249654
41249209
41248785
41248382
41248000
41247639
41247299
41246980
41246682
41246405
41246149
41245914
41245700
41245507
41245335
41245184
41245054
41244945
41244857
41244790
41244744
41244719
41244715
41243732
41242770
41241829
41240909
41240010
41239132
41238275
41237439
41236624
41235830
41235057
41234305
41233574
41232864
41232175
41231507
41230860
41230234
41229629
41229045
41228482
41227940
41227419
41226919
41226440
41225982
41225545
41225129
41224734
41224360
41224007
41223675
41223364
41223074
41222805
41222557
41222330
41222124
41221939
41221775
41221632
41221510
41221409
41221329
41221270
41221232
41221215
41221219
41221244
41221290
41221357
41221445
41221554
41221684
41221835
41222007
41222200
41222414
41222649
41222905
41223182
41223480
41223799
41224139
41224500
41224882
41225285
41225709
41226154
41226620
41227107
41225615
41224144
41222694
41221265
41219857
41218470
41217104
41215759
41214435
41213132
41211850
41210589
41209349
41208130
41206932
41205755
41204599
41203464
41202350
41201257
41200185
41199134
41198104
41197095
41196107
41195140
41194194
41193269
41192365
41191482
41190620
41189779
41188959
41188160
41187382
41186625
41185889
41185174
41184480
41183807
41183155
41182524
41181914
41181325
41180757
41180210
41179684
41179179
41178695
41178232
41177790
41177369
41176969
41176590
41176232
41175895
41175579
41175284
41175010
41174757
41174525
41174314
41174124
41173955
41173807
41173680
41173574
41173489
41173425
41173382
41173360
41173359
41172379
41171420
41170482
41169565
41168669
41167794
41166940
41166107
41165295
41164504
41163734
41162985
41162257
41161550
41160864
41160199
41159555
41158932
41158330
41157749
41157189
41156650
41156132
41155635
41155159
41154704
41154270
41153857
41153465
41153094
41152744
41152415
41152107
41151820
41151554
41151309
41151085
41150882
41150700
41150539
41150399
41150280
41150182
41150105
41150049
41150014
41150000
41150007
41150035
41150084
41150154
41150245
41150357
41150490
41150644
41150819
41151015
41151232
41151470
41151729
41152009
41152310
41152632
41152975
41153339
41153724
41154130
41154557
41155005
41155474
41155964
41154475
41153007
41151560
41150134
41148729
41147345
41145982
41144640
41143319
41142019
41140740
41139482
41138245
41137029
41135834
41134660
41133507
41132375
41131264
41130174
41129105
41128057
41127030
41126024
41125039
41124075
41123132
41122210
41121309
41120429
41119570
41118732
41117915
41117119
41116344
41115590
41114857
41114145
41113454
41112784
41112135
41111507
41110900
41110314
41109749
41109205
41108682
41108180
41107699
41107239
41106800
41106382
41105985
41105609
41105254
41104920
41104607
41104315
41104044
41103794
41103565
41103357
41103170
41103004
41102859
41102735
41102632
41102550
41102489
41102449
41102430
41102432
41101455
41100499
41099564
41098650
41097757
41096885
41096034
41095204
41094395
41093607
41092840
41092094
41091369
41090665
41089982
41089320
41088679
41088059
41087460
41086882
41086325
41085789
41085274
41084780
41084307
41083855
41083424
41083014
41082625
41082257
41081910
41081584
41081279
41080995
41080732
41080490
41080269
41080069
41079890
41079732
41079595
41079479
41079384
41079310
41079257
41079225
41079214
41079224
41079255
41079307
41079380
41079474
41079589
41079725
41079882
41080060
41080259
41080479
41080720
41080982
41081265
41081569
41081894
41082240
41082607
41082995
41083404
41083834
41084285
41084757
41085250
41083764
41082299
41080855
41079432
41078030
41076649
41075289
41073950
41072632
41071335
41070059
41068804
41067570
41066357
41065165
41063994
41062844
41061715
41060607
41059520
41058454
41057409
41056385
41055382
41054400
41053439
41052499
41051580
41050682
41049805
41048949
41048114
41047300
41046507
41045735
41044984
41044254
41043545
41042857
41042190
41041544
41040919
41040315
41039732
41039170
41038629
41038109
41037610
41037132
41036675
41036239
41035824
41035430
41035057
41034705
41034374
41034064
41033775
41033507
41033260
41033034
41032829
41032645
41032482
41032340
41032219
41032119
41032040
41031982
41031945
41031929
41030934
41029960
41029007
41028075
41027164
41026274
41025405
41024557
41023730
41022924
41022139
41021375
41020632
41019910
41019209
41018529
41017870
41017232
41016615
41016019
41015444
41014890
41014357
41013845
41013354
41012884
41012435
41012007
41011600
41011214
41010849
41010505
41010182
41009880
41009599
41009339
41009100
41008882
41008685
41008509
41008354
41008220
41008107
41008015
41007944
41007894
41007865
41007857
41007870
41007904
41007959
41008035
41008132
41008250
41008389
41008549
41008730
41008932
41009155
41009399
41009664
41009950
41010257
41010585
41010934
41011304
41011695
41012107
41012540
41012994
41013469
41012965
41011482
41010020
41008579
41007159
41005760
41004382
41003025
41001689
41000374
40999080
40997807
40996555
40995324
40994114
40992925
40991757
40990610
40989484
40988379
40987295
40986232
40985190
40984169
40983169
40982190
40981232
40980295
40979379
40978484
40977610
40976757
40975925
40975114
40974324
40973555
40972807
40972080
40971374
40970689
40970025
40969382
40968760
40968159
40967579
40967020
40966482
40965965
40965469
40964994
40964540
40964107
40963695
40963304
40962934
40962585
40962257
40961950
40961664
40961399
40961155
40960932
40960730
40960549
40960389
40960250
40960132
40960035
40959959
40959904
40959870
40959857
40958865
40957894
40956944
40956015
40955107
40954220
40953354
40952509
40951685
40950882
40950100
40949339
40948599
40947880
40947182
40946505
40945849
40945214
40944600
40944007
40943435
40942884
40942354
40941845
40941357
40940890
40940444
40940019
40939615
40939232
40938870
40938529
40938209
40937910
40937632
40937375
40937139
40936924
40936730
40936557
40936405
40936274
40936164
40936075
40936007
40935960
40935934
40935929
40935945
40935982
40936040
40936119
40936219
40936340
40936482
40936645
40936829
40937034
40937260
40937507
40937775
40938064
40938374
40938705
40939057
40939430
40939824
40940239
40940675
40941132
40941610
40941109
40939629
40938170
40936732
40935315
40933919
40932544
40931190
40929857
40928545
40927254
40925984
40924735
40923507
40922300
40921114
40919949
40918805
40917682
40916580
40915499
40914439
40913400
40912382
40911385
40910409
40909454
40908520
40907607
40906715
40905844
40904994
40904165
40903357
40902570
40901804
40901059
40900335
40899632
40898950
40898289
40897649
40897030
40896432
40895855
40895299
40894764
40894250
40893757
40893285
40892834
40892404
40891995
40891607
40891240
40890894
40890569
40890265
40889982
40889720
40889479
40889259
40889060
40888882
40888725
40888589
40888474
40888380
40888307
40888255
40888224
40888214
40887225
40886257
40885310
40884384
40883479
40882595
40881732
40880890
40880069
40879269
40878490
40877732
40876995
40876279
40875584
40874910
40874257
40873625
40873014
40872424
40871855
40871307
40870780
40870274
40869789
40869325
40868882
40868460
40868059
40867679
40867320
40866982
40866665
40866369
40866094
40865840
40865607
40865395
40865204
40865034
40864885
40864757
40864650
40864564
40864499
40864455
40864432
40864430
40864449
40864489
40864550
40864632
40864735
40864859
40865004
40865170
40865357
40865565
40865794
40866044
40866315
40866607
40866920
40867254
40867609
40867985
40868382
40868800
40869239
40869699
40870180
40869682
40868205
40866749
40865314
40863900
40862507
40861135
40859784
40858454
40857145
40855857
40854590
40853344
40852119
40850915
40849732
40848570
40847429
40846309
40845210
40844132
40843075
40842039
40841024
40840030
40839057
40838105
40837174
40836264
40835375
40834507
40833660
40832834
40832029
40831245
40830482
40829740
40829019
40828319
40827640
40826982
40826345
40825729
40825134
40824560
40824007
40823475
40822964
40822474
40822005
40821557
40821130
40820724
40820339
40819975
40819632
40819310
40819009
40818729
40818470
40818232
40818015
40817819
40817644
40817490
40817357
40817245
40817154
40817084
40817035
40817007
40817000
40816014
40815049
40814105
40813182
40812280
40811399
40810539
40809700
40808882
40808085
40807309
40806554
40805820
40805107
40804415
40803744
40803094
40802465
40801857
40801270
40800704
40800159
40799635
40799132
40798650
40798189
40797749
40797330
40796932
40796555
40796199
40795864
40795550
40795257
40794985
40794734
40794504
40794295
40794107
40793940
40793794
40793669
40793565
40793482
40793420
40793379
40793359
40793360
40793382
40793425
40793489
40793574
40793680
40793807
40793955
40794124
40794314
40794525
40794757
40795010
40795284
40795579
40795895
40796232
40796590
40796969
40797369
40797790
40798232
40798695
40799179
40797684
40796210
40794757
40793325
40791914
40790524
40789155
40787807
40786480
40785174
40783889
40782625
40781382
40780160
40778959
40777779
40776620
40775482
40774365
40773269
40772194
40771140
40770107
40769095
40768104
40767134
40766185
40765257
40764350
40763464
40762599
40761755
40760932
40760130
40759349
40758589
40757850
40757132
40756435
40755759
40755104
40754470
40753857
40753265
40752694
40752144
40751615
40751107
40750620
40750154
40749709
40749285
40748882
40748500
40748139
40747799
40747480
40747182
40746905
40746649
40746414
40746200
40746007
40745835
40745684
40745554
40745445
40745357
40745290
40745244
40745219
40745215
40744232
40743270
40742329
40741409
40740510
40739632
40738775
40737939
40737124
40736330
40735557
40734805
40734074
40733364
40732675
40732007
40731360
40730734
40730129
40729545
40728982
40728440
40727919
40727419
40726940
40726482
40726045
40725629
40725234
40724860
40724507
40724175
40723864
40723574
40723305
40723057
40722830
40722624
40722439
40722275
40722132
40722010
40721909
40721829
40721770
40721732
40721715
40721719
40721744
40721790
40721857
40721945
40722054
40722184
40722335
40722507
40722700
40722914
40723149
40723405
40723682
40723980
40724299
40724639
40725000
40725382
40725785
40726209
40726654
40727120
40727607
40726115
40724644
40723194
40721765
40720357
40718970
40717604
40716259
40714935
40713632
40712350
40711089
40709849
40708630
40707432
40706255
40705099
40703964
40702850
40701757
40700685
40699634
40698604
40697595
40696607
40695640
40694694
40693769
40692865
40691982
40691120
40690279
40689459
40688660
40687882
40687125
40686389
40685674
40684980
40684307
40683655
40683024
40682414
40681825
40681257
40680710
40680184
40679679
40679195
40678732
40678290
40677869
40677469
40677090
40676732
40676395
40676079
40675784
40675510
40675257
40675025
40674814
40674624
40674455
40674307
40674180
40674074
40673989
40673925
40673882
40673860
40673859
40672879
40671920
40670982
40670065
40669169
40668294
40667440
40666607
40665795
40665004
40664234
40663485
40662757
40662050
40661364
40660699
40660055
40659432
40658830
40658249
40657689
40657150
40656632
40656135
40655659
40655204
40654770
40654357
40653965
40653594
40653244
40652915
40652607
40652320
40652054
40651809
40651585
40651382
40651200
40651039
40650899
40650780
40650682
40650605
40650549
40650514
40650500
40650507
40650535
40650584
40650654
40650745
40650857
40650990
40651144
40651319
40651515
40651732
40651970
40652229
40652509
40652810
40653132
40653475
40653839
40654224
40654630
40655057
40655505
40655974
40656464
40654975
40653507
40652060
40650634
40649229
40647845
40646482
40645140
40643819
40642519
40641240
40639982
40638745
40637529
40636334
40635160
40634007
40632875
40631764
40630674
40629605
40628557
40627530
40626524
40625539
40624575
40623632
40622710
40621809
40620929
40620070
40619232
40618415
40617619
40616844
40616090
40615357
40614645
40613954
40613284
40612635
40612007
40611400
40610814
40610249
40609705
40609182
40608680
40608199
40607739
40607300
40606882
40606485
40606109
40605754
40605420
40605107
40604815
40604544
40604294
40604065
40603857
40603670
40603504
40603359
40603235
40603132
40603050
40602989
40602949
40602930
40602932
40601955
40600999
40600064
40599150
40598257
40597385
40596534
40595704
40594895
40594107
40593340
40592594
40591869
40591165
40590482
40589820
40589179
40588559
40587960
40587382
40586825
40586289
40585774
40585280
40584807
40584355
40583924
40583514
40583125
40582757
40582410
40582084
40581779
40581495
40581232
40580990
40580769
40580569
40580390
40580232
40580095
40579979
40579884
40579810
40579757
40579725
40579714
40579724
40579755
40579807
40579880
40579974
40580089
40580225
40580382
40580560
40580759
40580979
40581220
40581482
40581765
40582069
40582394
40582740
40583107
40583495
40583904
40584334
40584785
40585257
40585750
40584264
40582799
40581355
40579932
40578530
40577149
40575789
40574450
40573132
40571835
40570559
40569304
40568070
40566857
40565665
40564494
40563344
40562215
40561107
40560020
40558954
40557909
40556885
40555882
40554900
40553939
40552999
40552080
40551182
40550305
40549449
40548614
40547800
40547007
40546235
40545484
40544754
40544045
40543357
40542690
40542044
40541419
40540815
40540232
40539670
40539129
40538609
40538110
40537632
40537175
40536739
40536324
40535930
40535557
40535205
40534874
40534564
40534275
40534007
40533760
40533534
40533329
40533145
40532982
40532840
40532719
40532619
40532540
40532482
40532445
40532429
40531434
40530460
40529507
40528575
40527664
40526774
40525905
40525057
40524230
40523424
40522639
40521875
40521132
40520410
40519709
40519029
40518370
40517732
40517115
40516519
40515944
40515390
40514857
40514345
40513854
40513384
40512935
40512507
40512100
40511714
40511349
40511005
40510682
40510380
40510099
40509839
40509600
40509382
40509185
40509009
40508854
40508720
40508607
40508515
40508444
40508394
40508365
40508357
40508370
40508404
40508459
40508535
40508632
40508750
40508889
40509049
40509230
40509432
40509655
40509899
40510164
40510450
40510757
40511085
40511434
40511804
40512195
40512607
40513040
40513494
40513969
40513465
40511982
40510520
40509079
40507659
40506260
40504882
40503525
40502189
40500874
40499580
40498307
40497055
40495824
40494614
40493425
40492257
40491110
40489984
40488879
40487795
40486732
40485690
40484669
40483669
40482690
40481732
40480795
40479879
40478984
40478110
40477257
40476425
40475614
40474824
40474055
40473307
40472580
40471874
40471189
40470525
40469882
40469260
40468659
40468079
40467520
40466982
40466465
40465969
40465494
40465040
40464607
40464195
40463804
40463434
40463085
40462757
40462450
40462164
40461899
40461655
40461432
40461230
40461049
40460889
40460750
40460632
40460535
40460459
40460404
40460370
40460357
40459365
40458394
40457444
40456515
40455607
40454720
40453854
40453009
40452185
40451382
40450600
40449839
40449099
40448380
40447682
40447005
40446349
40445714
40445100
40444507
40443935
40443384
40442854
40442345
40441857
40441390
40440944
40440519
40440115
40439732
40439370
40439029
40438709
40438410
40438132
40437875
40437639
40437424
40437230
40437057
40436905
40436774
40436664
40436575
40436507
40436460
40436434
40436429
40436445
40436482
40436540
40436619
40436719
40436840
40436982
40437145
40437329
40437534
40437760
40438007
40438275
40438564
40438874
40439205
40439557
40439930
40440324
40440739
40441175
40441632
40442110
40441609
40440129
40438670
40437232
40435815
40434419
40433044
40431690
40430357
40429045
40427754
40426484
40425235
40424007
40422800
40421614
40420449
40419305
40418182
40417080
40415999
40414939
40413900
40412882
40411885
40410909
40409954
40409020
40408107
40407215
40406344
40405494
40404665
40403857
40403070
40402304
40401559
40400835
40400132
40399450
40398789
40398149
40397530
40396932
40396355
40395799
40395264
40394750
40394257
40393785
40393334
40392904
40392495
40392107
40391740
40391394
40391069
40390765
40390482
40390220
40389979
40389759
40389560
40389382
40389225
40389089
40388974
40388880
40388807
40388755
40388724
40388714
40387725
40386757
40385810
40384884
40383979
40383095
40382232
40381390
40380569
40379769
40378990
40378232
40377495
40376779
40376084
40375410
40374757
40374125
40373514
40372924
40372355
40371807
40371280
40370774
40370289
40369825
40369382
40368960
40368559
40368179
40367820
40367482
40367165
40366869
40366594
40366340
40366107
40365895
40365704
40365534
40365385
40365257
40365150
40365064
40364999
40364955
40364932
40364930
40364949
40364989
40365050
40365132
40365235
40365359
40365504
40365670
40365857
40366065
40366294
40366544
40366815
40367107
40367420
40367754
40368109
40368485
40368882
40369300
40369739
40370199
40370680
40370182
40368705
40367249
40365814
40364400
40363007
40361635
40360284
40358954
40357645
40356357
40355090
40353844
40352619
40351415
40350232
40349070
40347929
40346809
40345710
40344632
40343575
40342539
40341524
40340530
40339557
40338605
40337674
40336764
40335875
40335007
40334160
40333334
40332529
40331745
40330982
40330240
40329519
40328819
40328140
40327482
40326845
40326229
40325634
40325060
40324507
40323975
40323464
40322974
40322505
40322057
40321630
40321224
40320839
40320475
40320132
40319810
40319509
40319229
40318970
40318732
40318515
40318319
40318144
40317990
40317857
40317745
40317654
40317584
40317535
40317507
40317500
40316514
40315549
40314605
40313682
40312780
40311899
40311039
40310200
40309382
40308585
40307809
40307054
40306320
40305607
40304915
40304244
40303594
40302965
40302357
40301770
40301204
40300659
40300135
40299632
40299150
40298689
40298249
40297830
40297432
40297055
40296699
40296364
40296050
40295757
40295485
40295234
40295004
40294795
40294607
40294440
40294294
40294169
40294065
40293982
40293920
40293879
40293859
40293860
40293882
40293925
40293989
40294074
40294180
40294307
40294455
40294624
40294814
40295025
40295257
40295510
40295784
40296079
40296395
40296732
40297090
40297469
40297869
40298290
40298732
40299195
40299679
40298184
40296710
40295257
40293825
40292414
40291024
40289655
40288307
40286980
40285674
40284389
40283125
40281882
40280660
40279459
40278279
40277120
40275982
40274865
40273769
40272694
40271640
40270607
40269595
40268604
40267634
40266685
40265757
40264850
40263964
40263099
40262255
40261432
40260630
40259849
40259089
40258350
40257632
40256935
40256259
40255604
40254970
40254357
40253765
40253194
40252644
40252115
40251607
40251120
40250654
40250209
40249785
40249382
40249000
40248639
40248299
40247980
40247682
40247405
40247149
40246914
40246700
40246507
40246335
40246184
40246054
40245945
40245857
40245790
40245744
40245719
40245715
40244732
40243770
40242829
40241909
40241010
40240132
40239275
40238439
40237624
40236830
40236057
40235305
40234574
40233864
40233175
40232507
40231860
40231234
40230629
40230045
40229482
40228940
40228419
40227919
40227440
40226982
40226545
40226129
40225734
40225360
40225007
40224675
40224364
40224074
40223805
40223557
40223330
40223124
40222939
40222775
40222632
40222510
40222409
40222329
40222270
40222232
40222215
40222219
40222244
40222290
40222357
40222445
40222554
40222684
40222835
40223007
40223200
40223414
40223649
40223905
40224182
40224480
40224799
40225139
40225500
40225882
40226285
40226709
40227154
40227620
40228107
40226615
40225144
40223694
40222265
40220857
40219470
40218104
40216759
40215435
40214132
40212850
40211589
40210349
40209130
40207932
40206755
40205599
40204464
40203350
40202257
40201185
40200134
40199104
40198095
40197107
40196140
40195194
40194269
40193365
40192482
40191620
40190779
40189959
40189160
40188382
40187625
40186889
40186174
40185480
40184807
40184155
40183524
40182914
40182325
40181757
40181210
40180684
40180179
40179695
40179232
40178790
40178369
40177969
40177590
40177232
40176895
40176579
40176284
40176010
40175757
40175525
40175314
40175124
40174955
40174807
40174680
40174574
40174489
40174425
40174382
40174360
40174359
40173379
40172420
40171482
40170565
40169669
40168794
40167940
40167107
40166295
40165504
40164734
40163985
40163257
40162550
40161864
40161199
40160555
40159932
40159330
40158749
40158189
40157650
40157132
40156635
40156159
40155704
40155270
40154857
40154465
40154094
40153744
40153415
40153107
40152820
40152554
40152309
40152085
40151882
40151700
40151539
40151399
40151280
40151182
40151105
40151049
40151014
40151000
40151007
40151035
40151084
40151154
40151245
40151357
40151490
40151644
40151819
40152015
40152232
40152470
40152729
40153009
40153310
40153632
40153975
40154339
40154724
40155130
40155557
40156005
40156474
40156964
40155475
40154007
40152560
40151134
40149729
40148345
40146982
40145640
40144319
40143019
40141740
40140482
40139245
40138029
40136834
40135660
40134507
40133375
40132264
40131174
40130105
40129057
40128030
40127024
40126039
40125075
40124132
40123210
40122309
40121429
40120570
40119732
40118915
40118119
40117344
40116590
40115857
40115145
40114454
40113784
40113135
40112507
40111900
40111314
40110749
40110205
40109682
40109180
40108699
40108239
40107800
40107382
40106985
40106609
40106254
40105920
40105607
40105315
40105044
40104794
40104565
40104357
40104170
40104004
40103859
40103735
40103632
40103550
40103489
40103449
40103430
40103432
40102455
40101499
40100564
40099650
40098757
40097885
40097034
40096204
40095395
40094607
40093840
40093094
40092369
40091665
40090982
40090320
40089679
40089059
40088460
40087882
40087325
40086789
40086274
40085780
40085307
40084855
40084424
40084014
40083625
40083257
40082910
40082584
40082279
40081995
40081732
40081490
40081269
40081069
40080890
40080732
40080595
40080479
40080384
40080310
40080257
40080225
40080214
40080224
40080255
40080307
40080380
40080474
40080589
40080725
40080882
40081060
40081259
40081479
40081720
40081982
40082265
40082569
40082894
40083240
40083607
40083995
40084404
40084834
40085285
40085757
40086250
40084764
40083299
40081855
40080432
40079030
40077649
40076289
40074950
40073632
40072335
40071059
40069804
40068570
40067357
40066165
40064994
40063844
40062715
40061607
40060520
40059454
40058409
40057385
40056382
40055400
40054439
40053499
40052580
40051682
40050805
40049949
40049114
40048300
40047507
40046735
40045984
40045254
40044545
40043857
40043190
40042544
40041919
40041315
40040732
40040170
40039629
40039109
40038610
40038132
40037675
40037239
40036824
40036430
40036057
40035705
40035374
40035064
40034775
40034507
40034260
40034034
40033829
40033645
40033482
40033340
40033219
40033119
40033040
40032982
40032945
40032929
40031934
40030960
40030007
40029075
40028164
40027274
40026405
40025557
40024730
40023924
40023139
40022375
40021632
40020910
40020209
40019529
40018870
40018232
40017615
40017019
40016444
40015890
40015357
40014845
40014354
40013884
40013435
40013007
40012600
40012214
40011849
40011505
40011182
40010880
40010599
40010339
40010100
40009882
40009685
40009509
40009354
40009220
40009107
40009015
40008944
40008894
40008865
40008857
40008870
40008904
40008959
40009035
40009132
40009250
40009389
40009549
40009730
40009932
40010155
40010399
40010664
40010950
40011257
40011585
40011934
40012304
40012695
40013107
40013540
40013994
40014469
40013965
40012482
40011020
40009579
40008159
40006760
40005382
40004025
40002689
40001374
40000080
39998807
39997555
39996324
39995114
39993925
39992757
39991610
39990484
39989379
39988295
39987232
39986190
39985169
39984169
39983190
39982232
39981295
39980379
39979484
39978610
39977757
39976925
39976114
39975324
39974555
39973807
39973080
39972374
39971689
39971025
39970382
39969760
39969159
39968579
39968020
39967482
39966965
39966469
39965994
39965540
39965107
39964695
39964304
39963934
39963585
39963257
39962950
39962664
39962399
39962155
39961932
39961730
39961549
39961389
39961250
39961132
39961035
39960959
39960904
39960870
39960857
39959865
39958894
39957944
39957015
39956107
39955220
39954354
39953509
39952685
39951882
39951100
39950339
39949599
39948880
39948182
39947505
39946849
39946214
39945600
39945007
39944435
39943884
39943354
39942845
39942357
39941890
39941444
39941019
39940615
39940232
39939870
39939529
39939209
39938910
39938632
39938375
39938139
39937924
39937730
39937557
39937405
39937274
39937164
39937075
39937007
39936960
39936934
39936929
39936945
39936982
39937040
39937119
39937219
39937340
39937482
39937645
39937829
39938034
39938260
39938507
39938775
39939064
39939374
39939705
39940057
39940430
39940824
39941239
39941675
39942132
39942610
39942109
39940629
39939170
39937732
39936315
39934919
39933544
39932190
39930857
39929545
39928254
39926984
39925735
39924507
39923300
39922114
39920949
39919805
39918682
39917580
39916499
39915439
39914400
39913382
39912385
39911409
39910454
39909520
39908607
39907715
39906844
39905994
39905165
39904357
39903570
39902804
39902059
39901335
39900632
39899950
39899289
39898649
39898030
39897432
39896855
39896299
39895764
39895250
39894757
39894285
39893834
39893404
39892995
39892607
39892240
39891894
39891569
39891265
39890982
39890720
39890479
39890259
39890060
39889882
39889725
39889589
39889474
39889380
39889307
39889255
39889224
39889214
39888225
39887257
39886310
39885384
39884479
39883595
39882732
39881890
39881069
39880269
39879490
39878732
39877995
39877279
39876584
39875910
39875257
39874625
39874014
39873424
39872855
39872307
39871780
39871274
39870789
39870325
39869882
39869460
39869059
39868679
39868320
39867982
39867665
39867369
39867094
39866840
39866607
39866395
39866204
39866034
39865885
39865757
39865650
39865564
39865499
39865455
39865432
39865430
39865449
39865489
39865550
39865632
39865735
39865859
39866004
39866170
39866357
39866565
39866794
39867044
39867315
39867607
39867920
39868254
39868609
39868985
39869382
39869800
39870239
39870699
39871180
39870682
39869205
39867749
39866314
39864900
39863507
39862135
39860784
39859454
39858145
39856857
39855590
39854344
39853119
39851915
39850732
39849570
39848429
39847309
39846210
39845132
39844075
39843039
39842024
39841030
39840057
39839105
39838174
39837264
39836375
39835507
39834660
39833834
39833029
39832245
39831482
39830740
39830019
39829319
39828640
39827982
39827345
39826729
39826134
39825560
39825007
39824475
39823964
39823474
39823005
39822557
39822130
39821724
39821339
39820975
39820632
39820310
39820009
39819729
39819470
39819232
39819015
39818819
39818644
39818490
39818357
39818245
39818154
39818084
39818035
39818007
39818000
39817014
39816049
39815105
39814182
39813280
39812399
39811539
39810700
39809882
39809085
39808309
39807554
39806820
39806107
39805415
39804744
39804094
39803465
39802857
39802270
39801704
39801159
39800635
39800132
39799650
39799189
39798749
39798330
39797932
39797555
39797199
39796864
39796550
39796257
39795985
39795734
39795504
39795295
39795107
39794940
39794794
39794669
39794565
39794482
39794420
39794379
39794359
39794360
39794382
39794425
39794489
39794574
39794680
39794807
39794955
39795124
39795314
39795525
39795757
39796010
39796284
39796579
39796895
39797232
39797590
39797969
39798369
39798790
39799232
39799695
39800179
39798684
39797210
39795757
39794325
39792914
39791524
39790155
39788807
39787480
39786174
39784889
39783625
39782382
39781160
39779959
39778779
39777620
39776482
39775365
39774269
39773194
39772140
39771107
39770095
39769104
39768134
39767185
39766257
39765350
39764464
39763599
39762755
39761932
39761130
39760349
39759589
39758850
39758132
39757435
39756759
39756104
39755470
39754857
39754265
39753694
39753144
39752615
39752107
39751620
39751154
39750709
39750285
39749882
39749500
39749139
39748799
39748480
39748182
39747905
39747649
39747414
39747200
39747007
39746835
39746684
39746554
39746445
39746357
39746290
39746244
39746219
39746215
39745232
39744270
39743329
39742409
39741510
39740632
39739775
39738939
39738124
39737330
39736557
39735805
39735074
39734364
39733675
39733007
39732360
39731734
39731129
39730545
39729982
39729440
39728919
39728419
39727940
39727482
39727045
39726629
39726234
39725860
39725507
39725175
39724864
39724574
39724305
39724057
39723830
39723624
39723439
39723275
39723132
39723010
39722909
39722829
39722770
39722732
39722715
39722719
39722744
39722790
39722857
39722945
39723054
39723184
39723335
39723507
39723700
39723914
39724149
39724405
39724682
39724980
39725299
39725639
39726000
39726382
39726785
39727209
39727654
39728120
39728607
39727115
39725644
39724194
39722765
39721357
39719970
39718604
39717259
39715935
39714632
39713350
39712089
39710849
39709630
39708432
39707255
39706099
39704964
39703850
39702757
39701685
39700634
39699604
39698595
39697607
39696640
39695694
39694769
39693865
39692982
39692120
39691279
39690459
39689660
39688882
39688125
39687389
39686674
39685980
39685307
39684655
39684024
39683414
39682825
39682257
39681710
39681184
39680679
39680195
39679732
39679290
39678869
39678469
39678090
39677732
39677395
39677079
39676784
39676510
39676257
39676025
39675814
39675624
39675455
39675307
39675180
39675074
39674989
39674925
39674882
39674860
39674859
39673879
39672920
39671982
39671065
39670169
39669294
39668440
39667607
39666795
39666004
39665234
39664485
39663757
39663050
39662364
39661699
39661055
39660432
39659830
39659249
39658689
39658150
39657632
39657135
39656659
39656204
39655770
39655357
39654965
39654594
39654244
39653915
39653607
39653320
39653054
39652809
39652585
39652382
39652200
39652039
39651899
39651780
39651682
39651605
39651549
39651514
39651500
39651507
39651535
39651584
39651654
39651745
39651857
39651990
39652144
39652319
39652515
39652732
39652970
39653229
39653509
39653810
39654132
39654475
39654839
39655224
39655630
39656057
39656505
39656974
39657464
39655975
39654507
39653060
39651634
39650229
39648845
39647482
39646140
39644819
39643519
39642240
39640982
39639745
39638529
39637334
39636160
39635007
39633875
39632764
39631674
39630605
39629557
39628530
39627524
39626539
39625575
39624632
39623710
39622809
39621929
39621070
39620232
39619415
39618619
39617844
39617090
39616357
39615645
39614954
39614284
39613635
39613007
39612400
39611814
39611249
39610705
39610182
39609680
39609199
39608739
39608300
39607882
39607485
39607109
39606754
39606420
39606107
39605815
39605544
39605294
39605065
39604857
39604670
39604504
39604359
39604235
39604132
39604050
39603989
39603949
39603930
39603932
39602955
39601999
39601064
39600150
39599257
39598385
39597534
39596704
39595895
39595107
39594340
39593594
39592869
39592165
39591482
39590820
39590179
39589559
39588960
39588382
39587825
39587289
39586774
39586280
39585807
39585355
39584924
39584514
39584125
39583757
39583410
39583084
39582779
39582495
39582232
39581990
39581769
39581569
39581390
39581232
39581095
39580979
39580884
39580810
39580757
39580725
39580714
39580724
39580755
39580807
39580880
39580974
39581089
39581225
39581382
39581560
39581759
39581979
39582220
39582482
39582765
39583069
39583394
39583740
39584107
39584495
39584904
39585334
39585785
39586257
39586750
39585264
39583799
39582355
39580932
39579530
39578149
39576789
39575450
39574132
39572835
39571559
39570304
39569070
39567857
39566665
39565494
39564344
39563215
39562107
39561020
39559954
39558909
39557885
39556882
39555900
39554939
39553999
39553080
39552182
39551305
39550449
39549614
39548800
39548007
39547235
39546484
39545754
39545045
39544357
39543690
39543044
39542419
39541815
39541232
39540670
39540129
39539609
39539110
39538632
39538175
39537739
39537324
39536930
39536557
39536205
39535874
39535564
39535275
39535007
39534760
39534534
39534329
39534145
39533982
39533840
39533719
39533619
39533540
39533482
39533445
39533429
39532434
39531460
39530507
39529575
39528664
39527774
39526905
39526057
39525230
39524424
39523639
39522875
39522132
39521410
39520709
39520029
39519370
39518732
39518115
39517519
39516944
39516390
39515857
39515345
39514854
39514384
39513935
39513507
39513100
39512714
39512349
39512005
39511682
39511380
39511099
39510839
39510600
39510382
39510185
39510009
39509854
39509720
39509607
39509515
39509444
39509394
39509365
39509357
39509370
39509404
39509459
39509535
39509632
39509750
39509889
39510049
39510230
39510432
39510655
39510899
39511164
39511450
39511757
39512085
39512434
39512804
39513195
39513607
39514040
39514494
39514969
39514465
39512982
39511520
39510079
39508659
39507260
39505882
39504525
39503189
39501874
39500580
39499307
39498055
39496824
39495614
39494425
39493257
39492110
39490984
39489879
39488795
39487732
39486690
39485669
39484669
39483690
39482732
39481795
39480879
39479984
39479110
39478257
39477425
39476614
39475824
39475055
39474307
39473580
39472874
39472189
39471525
39470882
39470260
39469659
39469079
39468520
39467982
39467465
39466969
39466494
39466040
39465607
39465195
39464804
39464434
39464085
39463757
39463450
39463164
39462899
39462655
39462432
39462230
39462049
39461889
39461750
39461632
39461535
39461459
39461404
39461370
39461357
39460365
39459394
39458444
39457515
39456607
39455720
39454854
39454009
39453185
39452382
39451600
39450839
39450099
39449380
39448682
39448005
39447349
39446714
39446100
39445507
39444935
39444384
39443854
39443345
39442857
39442390
39441944
39441519
39441115
39440732
39440370
39440029
39439709
39439410
39439132
39438875
39438639
39438424
39438230
39438057
39437905
39437774
39437664
39437575
39437507
39437460
39437434
39437429
39437445
39437482
39437540
39437619
39437719
39437840
39437982
39438145
39438329
39438534
39438760
39439007
39439275
39439564
39439874
39440205
39440557
39440930
39441324
39441739
39442175
39442632
39443110
39442609
39441129
39439670
39438232
39436815
39435419
39434044
39432690
39431357
39430045
39428754
39427484
39426235
39425007
39423800
39422614
39421449
39420305
39419182
39418080
39416999
39415939
39414900
39413882
39412885
39411909
39410954
39410020
39409107
39408215
39407344
39406494
39405665
39404857
39404070
39403304
39402559
39401835
39401132
39400450
39399789
39399149
39398530
39397932
39397355
39396799
39396264
39395750
39395257
39394785
39394334
39393904
39393495
39393107
39392740
39392394
39392069
39391765
39391482
39391220
39390979
39390759
39390560
39390382
39390225
39390089
39389974
39389880
39389807
39389755
39389724
39389714
39388725
39387757
39386810
39385884
39384979
39384095
39383232
39382390
39381569
39380769
39379990
39379232
39378495
39377779
39377084
39376410
39375757
39375125
39374514
39373924
39373355
39372807
39372280
39371774
39371289
39370825
39370382
39369960
39369559
39369179
39368820
39368482
39368165
39367869
39367594
39367340
39367107
39366895
39366704
39366534
39366385
39366257
39366150
39366064
39365999
39365955
39365932
39365930
39365949
39365989
39366050
39366132
39366235
39366359
39366504
39366670
39366857
39367065
39367294
39367544
39367815
39368107
39368420
39368754
39369109
39369485
39369882
39370300
39370739
39371199
39371680
39371182
39369705
39368249
39366814
39365400
39364007
39362635
39361284
39359954
39358645
39357357
39356090
39354844
39353619
39352415
39351232
39350070
39348929
39347809
39346710
39345632
39344575
39343539
39342524
39341530
39340557
39339605
39338674
39337764
39336875
39336007
39335160
39334334
39333529
39332745
39331982
39331240
39330519
39329819
39329140
39328482
39327845
39327229
39326634
39326060
39325507
39324975
39324464
39323974
39323505
39323057
39322630
39322224
39321839
39321475
39321132
39320810
39320509
39320229
39319970
39319732
39319515
39319319
39319144
39318990
39318857
39318745
39318654
39318584
39318535
39318507
39318500
39317514
39316549
39315605
39314682
39313780
39312899
39312039
39311200
39310382
39309585
39308809
39308054
39307320
39306607
39305915
39305244
39304594
39303965
39303357
39302770
39302204
39301659
39301135
39300632
39300150
39299689
39299249
39298830
39298432
39298055
39297699
39297364
39297050
39296757
39296485
39296234
39296004
39295795
39295607
39295440
39295294
39295169
39295065
39294982
39294920
39294879
39294859
39294860
39294882
39294925
39294989
39295074
39295180
39295307
39295455
39295624
39295814
39296025
39296257
39296510
39296784
39297079
39297395
39297732
39298090
39298469
39298869
39299290
39299732
39300195
39300679
39299184
39297710
39296257
39294825
39293414
39292024
39290655
39289307
39287980
39286674
39285389
39284125
39282882
39281660
39280459
39279279
39278120
39276982
39275865
39274769
39273694
39272640
39271607
39270595
39269604
39268634
39267685
39266757
39265850
39264964
39264099
39263255
39262432
39261630
39260849
39260089
39259350
39258632
39257935
39257259
39256604
39255970
39255357
39254765
39254194
39253644
39253115
39252607
39252120
39251654
39251209
39250785
39250382
39250000
39249639
39249299
39248980
39248682
39248405
39248149
39247914
39247700
39247507
39247335
39247184
39247054
39246945
39246857
39246790
39246744
39246719
39245715
39243732
39241770
39239829
39237909
39236010
39234132
39232275
39230439
39228624
39226830
39225057
39223305
39221574
39219864
39218175
39216507
39214860
39213234
39211629
39210045
39208482
39206940
39205419
39203919
39202440
39200982
39199545
39198129
39196734
39195360
39194007
39192675
39191364
39190074
39188805
39187557
39186330
39185124
39183939
39182775
39181632
39180510
39179409
39178329
39177270
39176232
39175215
39174219
39173244
39172290
39171357
39170445
39169554
39168684
39167835
39167007
39166200
39165414
39164649
39163905
39163182
39162480
39161799
39161139
39160500
39159882
39159285
39158709
39158154
39157620
39157107
39154615
39152144
39149694
39147265
39144857
39142470
39140104
39137759
39135435
39133132
39130850
39128589
39126349
39124130
39121932
39119755
39117599
39115464
39113350
39111257
39109185
39107134
39105104
39103095
39101107
39099140
39097194
39095269
39093365
39091482
39089620
39087779
39085959
39084160
39082382
39080625
39078889
39077174
39075480
39073807
39072155
39070524
39068914
39067325
39065757
39064210
39062684
39061179
39059695
39058232
39056790
39055369
39053969
39052590
39051232
39049895
39048579
39047284
39046010
39044757
39043525
39042314
39041124
39039955
39038807
39037680
39036574
39035489
39034425
39033382
39032360
39031359
39029379
39027420
39025482
39023565
39021669
39019794
39017940
39016107
39014295
39012504
39010734
39008985
39007257
39005550
39003864
39002199
39000555
38998932
38997330
38995749
38994189
38992650
38991132
38989635
38988159
38986704
38985270
38983857
38982465
38981094
38979744
38978415
38977107
38975820
38974554
38973309
38972085
38970882
38969700
38968539
38967399
38966280
38965182
38964105
38963049
38962014
38961000
38960007
38959035
38958084
38957154
38956245
38955357
38954490
38953644
38952819
38952015
38951232
38950470
38949729
38949009
38948310
38947632
38946975
38946339
38945724
38945130
38944557
38944005
38943474
38942964
38940475
38938007
38935560
38933134
38930729
38928345
38925982
38923640
38921319
38919019
38916740
38914482
38912245
38910029
38907834
38905660
38903507
38901375
38899264
38897174
38895105
38893057
38891030
38889024
38887039
38885075
38883132
38881210
38879309
38877429
38875570
38873732
38871915
38870119
38868344
38866590
38864857
38863145
38861454
38859784
38858135
38856507
38854900
38853314
38851749
38850205
38848682
38847180
38845699
38844239
38842800
38841382
38839985
38838609
38837254
38835920
38834607
38833315
38832044
38830794
38829565
38828357
38827170
38826004
38824859
38823735
38822632
38821550
38820489
38819449
38818430
38817432
38815455
38813499
38811564
38809650
38807757
38805885
38804034
38802204
38800395
38798607
38796840
38795094
38793369
38791665
38789982
38788320
38786679
38785059
38783460
38781882
38780325
38778789
38777274
38775780
38774307
38772855
38771424
38770014
38768625
38767257
38765910
38764584
38763279
38761995
38760732
38759490
38758269
38757069
38755890
38754732
38753595
38752479
38751384
38750310
38749257
38748225
38747214
38746224
38745255
38744307
38743380
38742474
38741589
38740725
38739882
38739060
38738259
38737479
38736720
38735982
38735265
38734569
38733894
38733240
38732607
38731995
38731404
38730834
38730285
38729757
38729250
38726764
38724299
38721855
38719432
38717030
38714649
38712289
38709950
38707632
38705335
38703059
38700804
38698570
38696357
38694165
38691994
38689844
38687715
38685607
38683520
38681454
38679409
38677385
38675382
38673400
38671439
38669499
38667580
38665682
38663805
38661949
38660114
38658300
38656507
38654735
38652984
38651254
38649545
38647857
38646190
38644544
38642919
38641315
38639732
38638170
38636629
38635109
38633610
38632132
38630675
38629239
38627824
38626430
38625057
38623705
38622374
38621064
38619775
38618507
38617260
38616034
38614829
38613645
38612482
38611340
38610219
38609119
38608040
38606982
38605945
38604929
38602934
38600960
38599007
38597075
38595164
38593274
38591405
38589557
38587730
38585924
38584139
38582375
38580632
38578910
38577209
38575529
38573870
38572232
38570615
38569019
38567444
38565890
38564357
38562845
38561354
38559884
38558435
38557007
38555600
38554214
38552849
38551505
38550182
38548880
38547599
38546339
38545100
38543882
38542685
38541509
38540354
38539220
38538107
38537015
38535944
38534894
38533865
38532857
38531870
38530904
38529959
38529035
38528132
38527250
38526389
38525549
38524730
38523932
38523155
38522399
38521664
38520950
38520257
38519585
38518934
38518304
38517695
38517107
38516540
38515994
38515469
38513965
38511482
38509020
38506579
38504159
38501760
38499382
38497025
38494689
38492374
38490080
38487807
38485555
38483324
38481114
38478925
38476757
38474610
38472484
38470379
38468295
38466232
38464190
38462169
38460169
38458190
38456232
38454295
38452379
38450484
38448610
38446757
38444925
38443114
38441324
38439555
38437807
38436080
38434374
38432689
38431025
38429382
38427760
38426159
38424579
38423020
38421482
38419965
38418469
38416994
38415540
38414107
38412695
38411304
38409934
38408585
38407257
38405950
38404664
38403399
38402155
38400932
38399730
38398549
38397389
38396250
38395132
38394035
38392959
38391904
38390870
38389857
38387865
38385894
38383944
38382015
38380107
38378220
38376354
38374509
38372685
38370882
38369100
38367339
38365599
38363880
38362182
38360505
38358849
38357214
38355600
38354007
38352435
38350884
38349354
38347845
38346357
38344890
38343444
38342019
38340615
38339232
38337870
38336529
38335209
38333910
38332632
38331375
38330139
38328924
38327730
38326557
38325405
38324274
38323164
38322075
38321007
38319960
38318934
38317929
38316945
38315982
38315040
38314119
38313219
38312340
38311482
38310645
38309829
38309034
38308260
38307507
38306775
38306064
38305374
38304705
38304057
38303430
38302824
38302239
38301675
38301132
38300610
38299109
38296629
38294170
38291732
38289315
38286919
38284544
38282190
38279857
38277545
38275254
38272984
38270735
38268507
38266300
38264114
38261949
38259805
38257682
38255580
38253499
38251439
38249400
38247382
38245385
38243409
38241454
38239520
38237607
38235715
38233844
38231994
38230165
38228357
38226570
38224804
38223059
38221335
38219632
38217950
38216289
38214649
38213030
38211432
38209855
38208299
38206764
38205250
38203757
38202285
38200834
38199404
38197995
38196607
38195240
38193894
38192569
38191265
38189982
38188720
38187479
38186259
38185060
38183882
38182725
38181589
38180474
38179380
38178307
38177255
38176224
38175214
38173225
38171257
38169310
38167384
38165479
38163595
38161732
38159890
38158069
38156269
38154490
38152732
38150995
38149279
38147584
38145910
38144257
38142625
38141014
38139424
38137855
38136307
38134780
38133274
38131789
38130325
38128882
38127460
38126059
38124679
38123320
38121982
38120665
38119369
38118094
38116840
38115607
38114395
38113204
38112034
38110885
38109757
38108650
38107564
38106499
38105455
38104432
38103430
38102449
38101489
38100550
38099632
38098735
38097859
38097004
38096170
38095357
38094565
38093794
38093044
38092315
38091607
38090920
38090254
38089609
38088985
38088382
38087800
38087239
38086699
38086180
38084682
38082205
38079749
38077314
38074900
38072507
38070135
38067784
38065454
38063145
38060857
38058590
38056344
38054119
38051915
38049732
38047570
38045429
38043309
38041210
38039132
38037075
38035039
38033024
38031030
38029057
38027105
38025174
38023264
38021375
38019507
38017660
38015834
38014029
38012245
38010482
38008740
38007019
38005319
38003640
38001982
38000345
37998729
37997134
37995560
37994007
37992475
37990964
37989474
37988005
37986557
37985130
37983724
37982339
37980975
37979632
37978310
37977009
37975729
37974470
37973232
37972015
37970819
37969644
37968490
37967357
37966245
37965154
37964084
37963035
37962007
37962000
37960014
37958049
37956105
37954182
37952280
37950399
37948539
37946700
37944882
37943085
37941309
37939554
37937820
37936107
37934415
37932744
37931094
37929465
37927857
37926270
37924704
37923159
37921635
37920132
37918650
37917189
37915749
37914330
37912932
37911555
37910199
37908864
37907550
37906257
37904985
37903734
37902504
37901295
37900107
37898940
37897794
37896669
37895565
37894482
37893420
37892379
37891359
37890360
37889382
37888425
37887489
37886574
37885680
37884807
37883955
37883124
37882314
37881525
37880757
37880010
37879284
37878579
37877895
37877232
37876590
37875969
37875369
37874790
37874232
37873695
37873179
37870684
37868210
37865757
37863325
37860914
37858524
37856155
37853807
37851480
37849174
37846889
37844625
37842382
37840160
37837959
37835779
37833620
37831482
37829365
37827269
37825194
37823140
37821107
37819095
37817104
37815134
37813185
37811257
37809350
37807464
37805599
37803755
37801932
37800130
37798349
37796589
37794850
37793132
37791435
37789759
37788104
37786470
37784857
37783265
37781694
37780144
37778615
37777107
37775620
37774154
37772709
37771285
37769882
37768500
37767139
37765799
37764480
37763182
37761905
37760649
37759414
37758200
37757007
37755835
37754684
37753554
37752445
37751357
37750290
37749244
37748219
37747215
37745232
37743270
37741329
37739409
37737510
37735632
37733775
37731939
37730124
37728330
37726557
37724805
37723074
37721364
37719675
37718007
37716360
37714734
37713129
37711545
37709982
37708440
37706919
37705419
37703940
37702482
37701045
37699629
37698234
37696860
37695507
37694175
37692864
37691574
37690305
37689057
37687830
37686624
37685439
37684275
37683132
37682010
37680909
37679829
37678770
37677732
37676715
37675719
37674744
37673790
37672857
37671945
37671054
37670184
37669335
37668507
37667700
37666914
37666149
37665405
37664682
37663980
37663299
37662639
37662000
37661382
37660785
37660209
37659654
37659120
37658607
37656115
37653644
37651194
37648765
37646357
37643970
37641604
37639259
37636935
37634632
37632350
37630089
37627849
37625630
37623432
37621255
37619099
37616964
37614850
37612757
37610685
37608634
37606604
37604595
37602607
37600640
37598694
37596769
37594865
37592982
37591120
37589279
37587459
37585660
37583882
37582125
37580389
37578674
37576980
37575307
37573655
37572024
37570414
37568825
37567257
37565710
37564184
37562679
37561195
37559732
37558290
37556869
37555469
37554090
37552732
37551395
37550079
37548784
37547510
37546257
37545025
37543814
37542624
37541455
37540307
37539180
37538074
37536989
37535925
37534882
37533860
37532859
37530879
37528920
37526982
37525065
37523169
37521294
37519440
37517607
37515795
37514004
37512234
37510485
37508757
37507050
37505364
37503699
37502055
37500432
37498830
37497249
37495689
37494150
37492632
37491135
37489659
37488204
37486770
37485357
37483965
37482594
37481244
37479915
37478607
37477320
37476054
37474809
37473585
37472382
37471200
37470039
37468899
37467780
37466682
37465605
37464549
37463514
37462500
37461507
37460535
37459584
37458654
37457745
37456857
37455990
37455144
37454319
37453515
37452732
37451970
37451229
37450509
37449810
37449132
37448475
37447839
37447224
37446630
37446057
37445505
37444974
37444464
37441975
37439507
37437060
37434634
37432229
37429845
37427482
37425140
37422819
37420519
37418240
37415982
37413745
37411529
37409334
37407160
37405007
37402875
37400764
37398674
37396605
37394557
37392530
37390524
37388539
37386575
37384632
37382710
37380809
37378929
37377070
37375232
37373415
37371619
37369844
37368090
37366357
37364645
37362954
37361284
37359635
37358007
37356400
37354814
37353249
37351705
37350182
37348680
37347199
37345739
37344300
37342882
37341485
37340109
37338754
37337420
37336107
37334815
37333544
37332294
37331065
37329857
37328670
37327504
37326359
37325235
37324132
37323050
37321989
37320949
37319930
37318932
37316955
37314999
37313064
37311150
37309257
37307385
37305534
37303704
37301895
37300107
37298340
37296594
37294869
37293165
37291482
37289820
37288179
37286559
37284960
37283382
37281825
37280289
37278774
37277280
37275807
37274355
37272924
37271514
37270125
37268757
37267410
37266084
37264779
37263495
37262232
37260990
37259769
37258569
37257390
37256232
37255095
37253979
37252884
37251810
37250757
37249725
37248714
37247724
37246755
37245807
37244880
37243974
37243089
37242225
37241382
37240560
37239759
37238979
37238220
37237482
37236765
37236069
37235394
37234740
37234107
37233495
37232904
37232334
37231785
37231257
37230750
37228264
37225799
37223355
37220932
37218530
37216149
37213789
37211450
37209132
37206835
37204559
37202304
37200070
37197857
37195665
37193494
37191344
37189215
37187107
37185020
37182954
37180909
37178885
37176882
37174900
37172939
37170999
37169080
37167182
37165305
37163449
37161614
37159800
37158007
37156235
37154484
37152754
37151045
37149357
37147690
37146044
37144419
37142815
37141232
37139670
37138129
37136609
37135110
37133632
37132175
37130739
37129324
37127930
37126557
37125205
37123874
37122564
37121275
37120007
37118760
37117534
37116329
37115145
37113982
37112840
37111719
37110619
37109540
37108482
37107445
37106429
37104434
37102460
37100507
37098575
37096664
37094774
37092905
37091057
37089230
37087424
37085639
37083875
37082132
37080410
37078709
37077029
37075370
37073732
37072115
37070519
37068944
37067390
37065857
37064345
37062854
37061384
37059935
37058507
37057100
37055714
37054349
37053005
37051682
37050380
37049099
37047839
37046600
37045382
37044185
37043009
37041854
37040720
37039607
37038515
37037444
37036394
37035365
37034357
37033370
37032404
37031459
37030535
37029632
37028750
37027889
37027049
37026230
37025432
37024655
37023899
37023164
37022450
37021757
37021085
37020434
37019804
37019195
37018607
37018040
37017494
37016969
37015465
37012982
37010520
37008079
37005659
37003260
37000882
36998525
36996189
36993874
36991580
36989307
36987055
36984824
36982614
36980425
36978257
36976110
36973984
36971879
36969795
36967732
36965690
36963669
36961669
36959690
36957732
36955795
36953879
36951984
36950110
36948257
36946425
36944614
36942824
36941055
36939307
36937580
36935874
36934189
36932525
36930882
36929260
36927659
36926079
36924520
36922982
36921465
36919969
36918494
36917040
36915607
36914195
36912804
36911434
36910085
36908757
36907450
36906164
36904899
36903655
36902432
36901230
36900049
36898889
36897750
36896632
36895535
36894459
36893404
36892370
36891357
36889365
36887394
36885444
36883515
36881607
36879720
36877854
36876009
36874185
36872382
36870600
36868839
36867099
36865380
36863682
36862005
36860349
36858714
36857100
36855507
36853935
36852384
36850854
36849345
36847857
36846390
36844944
36843519
36842115
36840732
36839370
36838029
36836709
36835410
36834132
36832875
36831639
36830424
36829230
36828057
36826905
36825774
36824664
36823575
36822507
36821460
36820434
36819429
36818445
36817482
36816540
36815619
36814719
36813840
36812982
36812145
36811329
36810534
36809760
36809007
36808275
36807564
36806874
36806205
36805557
36804930
36804324
36803739
36803175
36802632
36802110
36800609
36798129
36795670
36793232
36790815
36788419
36786044
36783690
36781357
36779045
36776754
36774484
36772235
36770007
36767800
36765614
36763449
36761305
36759182
36757080
36754999
36752939
36750900
36748882
36746885
36744909
36742954
36741020
36739107
36737215
36735344
36733494
36731665
36729857
36728070
36726304
36724559
36722835
36721132
36719450
36717789
36716149
36714530
36712932
36711355
36709799
36708264
36706750
36705257
36703785
36702334
36700904
36699495
36698107
36696740
36695394
36694069
36692765
36691482
36690220
36688979
36687759
36686560
36685382
36684225
36683089
36681974
36680880
36679807
36678755
36677724
36676714
36674725
36672757
36670810
36668884
36666979
36665095
36663232
36661390
36659569
36657769
36655990
36654232
36652495
36650779
36649084
36647410
36645757
36644125
36642514
36640924
36639355
36637807
36636280
36634774
36633289
36631825
36630382
36628960
36627559
36626179
36624820
36623482
36622165
36620869
36619594
36618340
36617107
36615895
36614704
36613534
36612385
36611257
36610150
36609064
36607999
36606955
36605932
36604930
36603949
36602989
36602050
36601132
36600235
36599359
36598504
36597670
36596857
36596065
36595294
36594544
36593815
36593107
36592420
36591754
36591109
36590485
36589882
36589300
36588739
36588199
36587680
36586182
36583705
36581249
36578814
36576400
36574007
36571635
36569284
36566954
36564645
36562357
36560090
36557844
36555619
36553415
36551232
36549070
36546929
36544809
36542710
36540632
36538575
36536539
36534524
36532530
36530557
36528605
36526674
36524764
36522875
36521007
36519160
36517334
36515529
36513745
36511982
36510240
36508519
36506819
36505140
36503482
36501845
36500229
36498634
36497060
36495507
36493975
36492464
36490974
36489505
36488057
36486630
36485224
36483839
36482475
36481132
36479810
36478509
36477229
36475970
36474732
36473515
36472319
36471144
36469990
36468857
36467745
36466654
36465584
36464535
36463507
36463500
36461514
36459549
36457605
36455682
36453780
36451899
36450039
36448200
36446382
36444585
36442809
36441054
36439320
36437607
36435915
36434244
36432594
36430965
36429357
36427770
36426204
36424659
36423135
36421632
36420150
36418689
36417249
36415830
36414432
36413055
36411699
36410364
36409050
36407757
36406485
36405234
36404004
36402795
36401607
36400440
36399294
36398169
36397065
36395982
36394920
36393879
36392859
36391860
36390882
36389925
36388989
36388074
36387180
36386307
36385455
36384624
36383814
36383025
36382257
36381510
36380784
36380079
36379395
36378732
36378090
36377469
36376869
36376290
36375732
36375195
36374679
36372184
36369710
36367257
36364825
36362414
36360024
36357655
36355307
36352980
36350674
36348389
36346125
36343882
36341660
36339459
36337279
36335120
36332982
36330865
36328769
36326694
36324640
36322607
36320595
36318604
36316634
36314685
36312757
36310850
36308964
36307099
36305255
36303432
36301630
36299849
36298089
36296350
36294632
36292935
36291259
36289604
36287970
36286357
36284765
36283194
36281644
36280115
36278607
36277120
36275654
36274209
36272785
36271382
36270000
36268639
36267299
36265980
36264682
36263405
36262149
36260914
36259700
36258507
36257335
36256184
36255054
36253945
36252857
36251790
36250744
36249719
36248715
36246732
36244770
36242829
36240909
36239010
36237132
36235275
36233439
36231624
36229830
36228057
36226305
36224574
36222864
36221175
36219507
36217860
36216234
36214629
36213045
36211482
36209940
36208419
36206919
36205440
36203982
36202545
36201129
36199734
36198360
36197007
36195675
36194364
36193074
36191805
36190557
36189330
36188124
36186939
36185775
36184632
36183510
36182409
36181329
36180270
36179232
36178215
36177219
36176244
36175290
36174357
36173445
36172554
36171684
36170835
36170007
36169200
36168414
36167649
36166905
36166182
36165480
36164799
36164139
36163500
36162882
36162285
36161709
36161154
36160620
36160107
36157615
36155144
36152694
36150265
36147857
36145470
36143104
36140759
36138435
36136132
36133850
36131589
36129349
36127130
36124932
36122755
36120599
36118464
36116350
36114257
36112185
36110134
36108104
36106095
36104107
36102140
36100194
36098269
36096365
36094482
36092620
36090779
36088959
36087160
36085382
36083625
36081889
36080174
36078480
36076807
36075155
36073524
36071914
36070325
36068757
36067210
36065684
36064179
36062695
36061232
36059790
36058369
36056969
36055590
36054232
36052895
36051579
36050284
36049010
36047757
36046525
36045314
36044124
36042955
36041807
36040680
36039574
36038489
36037425
36036382
36035360
36034359
36032379
36030420
36028482
36026565
36024669
36022794
36020940
36019107
36017295
36015504
36013734
36011985
36010257
36008550
36006864
36005199
36003555
36001932
36000330
35998749
35997189
35995650
35994132
35992635
35991159
35989704
35988270
35986857
35985465
35984094
35982744
35981415
35980107
35978820
35977554
35976309
35975085
35973882
35972700
35971539
35970399
35969280
35968182
35967105
35966049
35965014
35964000
35963007
35962035
35961084
35960154
35959245
35958357
35957490
35956644
35955819
35955015
35954232
35953470
35952729
35952009
35951310
35950632
35949975
35949339
35948724
35948130
35947557
35947005
35946474
35945964
35943475
35941007
35938560
35936134
35933729
35931345
35928982
35926640
35924319
35922019
35919740
35917482
35915245
35913029
35910834
35908660
35906507
35904375
35902264
35900174
35898105
35896057
35894030
35892024
35890039
35888075
35886132
35884210
35882309
35880429
35878570
35876732
35874915
35873119
35871344
35869590
35867857
35866145
35864454
35862784
35861135
35859507
35857900
35856314
35854749
35853205
35851682
35850180
35848699
35847239
35845800
35844382
35842985
35841609
35840254
35838920
35837607
35836315
35835044
35833794
35832565
35831357
35830170
35829004
35827859
35826735
35825632
35824550
35823489
35822449
35821430
35820432
35818455
35816499
35814564
35812650
35810757
35808885
35807034
35805204
35803395
35801607
35799840
35798094
35796369
35794665
35792982
35791320
35789679
35788059
35786460
35784882
35783325
35781789
35780274
35778780
35777307
35775855
35774424
35773014
35771625
35770257
35768910
35767584
35766279
35764995
35763732
35762490
35761269
35760069
35758890
35757732
35756595
35755479
35754384
35753310
35752257
35751225
35750214
35749224
35748255
35747307
35746380
35745474
35744589
35743725
35742882
35742060
35741259
35740479
35739720
35738982
35738265
35737569
35736894
35736240
35735607
35734995
35734404
35733834
35733285
35732757
35732250
35729764
35727299
35724855
35722432
35720030
35717649
35715289
35712950
35710632
35708335
35706059
35703804
35701570
35699357
35697165
35694994
35692844
35690715
35688607
35686520
35684454
35682409
35680385
35678382
35676400
35674439
35672499
35670580
35668682
35666805
35664949
35663114
35661300
35659507
35657735
35655984
35654254
35652545
35650857
35649190
35647544
35645919
35644315
35642732
35641170
35639629
35638109
35636610
35635132
35633675
35632239
35630824
35629430
35628057
35626705
35625374
35624064
35622775
35621507
35620260
35619034
35617829
35616645
35615482
35614340
35613219
35612119
35611040
35609982
35608945
35607929
35605934
35603960
35602007
35600075
35598164
35596274
35594405
35592557
35590730
35588924
35587139
35585375
35583632
35581910
35580209
35578529
35576870
35575232
35573615
35572019
35570444
35568890
35567357
35565845
35564354
35562884
35561435
35560007
35558600
35557214
35555849
35554505
35553182
35551880
35550599
35549339
35548100
35546882
35545685
35544509
35543354
35542220
35541107
35540015
35538944
35537894
35536865
35535857
35534870
35533904
35532959
35532035
35531132
35530250
35529389
35528549
35527730
35526932
35526155
35525399
35524664
35523950
35523257
35522585
35521934
35521304
35520695
35520107
35519540
35518994
35518469
35516965
35514482
35512020
35509579
35507159
35504760
35502382
35500025
35497689
35495374
35493080
35490807
35488555
35486324
35484114
35481925
35479757
35477610
35475484
35473379
35471295
35469232
35467190
35465169
35463169
35461190
35459232
35457295
35455379
35453484
35451610
35449757
35447925
35446114
35444324
35442555
35440807
35439080
35437374
35435689
35434025
35432382
35430760
35429159
35427579
35426020
35424482
35422965
35421469
35419994
35418540
35417107
35415695
35414304
35412934
35411585
35410257
35408950
35407664
35406399
35405155
35403932
35402730
35401549
35400389
35399250
35398132
35397035
35395959
35394904
35393870
35392857
35390865
35388894
35386944
35385015
35383107
35381220
35379354
35377509
35375685
35373882
35372100
35370339
35368599
35366880
35365182
35363505
35361849
35360214
35358600
35357007
35355435
35353884
35352354
35350845
35349357
35347890
35346444
35345019
35343615
35342232
35340870
35339529
35338209
35336910
35335632
35334375
35333139
35331924
35330730
35329557
35328405
35327274
35326164
35325075
35324007
35322960
35321934
35320929
35319945
35318982
35318040
35317119
35316219
35315340
35314482
35313645
35312829
35312034
35311260
35310507
35309775
35309064
35308374
35307705
35307057
35306430
35305824
35305239
35304675
35304132
35303610
35302109
35299629
35297170
35294732
35292315
35289919
35287544
35285190
35282857
35280545
35278254
35275984
35273735
35271507
35269300
35267114
35264949
35262805
35260682
35258580
35256499
35254439
35252400
35250382
35248385
35246409
35244454
35242520
35240607
35238715
35236844
35234994
35233165
35231357
35229570
35227804
35226059
35224335
35222632
35220950
35219289
35217649
35216030
35214432
35212855
35211299
35209764
35208250
35206757
35205285
35203834
35202404
35200995
35199607
35198240
35196894
35195569
35194265
35192982
35191720
35190479
35189259
35188060
35186882
35185725
35184589
35183474
35182380
35181307
35180255
35179224
35178214
35176225
35174257
35172310
35170384
35168479
35166595
35164732
35162890
35161069
35159269
35157490
35155732
35153995
35152279
35150584
35148910
35147257
35145625
35144014
35142424
35140855
35139307
35137780
35136274
35134789
35133325
35131882
35130460
35129059
35127679
35126320
35124982
35123665
35122369
35121094
35119840
35118607
35117395
35116204
35115034
35113885
35112757
35111650
35110564
35109499
35108455
35107432
35106430
35105449
35104489
35103550
35102632
35101735
35100859
35100004
35099170
35098357
35097565
35096794
35096044
35095315
35094607
35093920
35093254
35092609
35091985
35091382
35090800
35090239
35089699
35089180
35087682
35085205
35082749
35080314
35077900
35075507
35073135
35070784
35068454
35066145
35063857
35061590
35059344
35057119
35054915
35052732
35050570
35048429
35046309
35044210
35042132
35040075
35038039
35036024
35034030
35032057
35030105
35028174
35026264
35024375
35022507
35020660
35018834
35017029
35015245
35013482
35011740
35010019
35008319
35006640
35004982
35003345
35001729
35000134
34998560
34997007
34995475
34993964
34992474
34991005
34989557
34988130
34986724
34985339
34983975
34982632
34981310
34980009
34978729
34977470
34976232
34975015
34973819
34972644
34971490
34970357
34969245
34968154
34967084
34966035
34965007
